=== EntityRuler Evaluation Summary (after) ===
Performance Metrics (Standard Entities Only):
precision: 0.049162011173184354
recall: 0.6470588235294118
f1: 0.09138110072689513
